sub-09_task-eyemem_run-01 >> [1,4,5,6,7,8,10,11]
sub-09_task-eyemem_run-02 >> [2,3,4,5,7,8,10,11,13,14]
sub-09_task-eyemem_run-03 >> [1,2,4,5,7,8,10,11,12,14]
sub-09_task-eyemem_run-04 >> [1,3,4,6,7,8,9,11,12,13,14,16,17]
sub-09_task-eyemem_run-05 >> [1,4,5,6,7,8,9,10,12,13,15,16]
sub-10_task-eyemem_run-01 >> [1, 2, 3, 6, 7, 10, 11, 12, 13, 17]
sub-10_task-eyemem_run-02 >> [1, 2, 3, 6, 10, 12, 13, 14, 16]
sub-10_task-eyemem_run-03 >> [1, 2, 4, 5, 9, 10, 12, 14, 15]
sub-10_task-eyemem_run-04 >> [1, 2, 4, 7, 8, 9, 12, 14, 17]
sub-10_task-eyemem_run-05 >> [1, 2, 4, 7, 9, 10, 11, 13, 14, 16, 19]
sub-100_task-eyemem_run-01 >> [1, 2, 3, 4, 5, 6, 7, 8, 9, 10, 11, 12, 13, 16, 18, 19, 20, 21, 23, 24]
sub-100_task-eyemem_run-02 >> [1, 2, 3, 4, 5, 6, 7, 8, 9, 10, 13, 14, 15, 17, 19, 20, 21, 23, 24]
sub-100_task-eyemem_run-03 >> [1, 2, 3, 4, 5, 6, 7, 9, 10, 11, 12, 13, 14, 15, 17, 18, 19, 21, 22, 23, 24, 25]
sub-100_task-eyemem_run-04 >> [1, 2, 3, 5, 6, 7, 8, 9, 10, 11, 12, 13, 14, 16, 17, 18, 20, 21, 22, 23, 24, 25]
sub-100_task-eyemem_run-05 >> [1, 2, 3, 4, 5, 6, 8, 9, 11, 13, 14, 15, 17, 18, 19, 21, 22]
sub-101_task-eyemem_run-01 >> [1, 2, 3, 4, 5, 6, 7, 9, 10, 11, 12, 13, 14, 15, 16, 17, 18, 19, 20, 21, 22, 23, 25, 26, 27]
sub-101_task-eyemem_run-02 >> [1, 2, 3, 4, 5, 6, 7, 8, 9, 10, 11, 12, 13, 14, 15, 16, 17, 19, 20, 21, 22, 23, 24, 25, 26, 27, 28, 29, 30, 31, 32, 33, 34, 35, 36]
sub-101_task-eyemem_run-03 >> [1, 2, 3, 4, 5, 6, 7, 8, 9, 10, 11, 13, 14, 15, 16, 17, 19, 20, 22, 24, 25, 26, 27, 28, 29, 31, 32, 33, 34, 35, 36, 37, 38, 39, 40, 42, 43, 44]
sub-101_task-eyemem_run-04 >> [1, 2, 3, 4, 5, 6, 7, 9, 10, 11, 12, 13, 14, 15, 16, 17, 18, 19, 20, 21, 22, 23, 24, 25, 26, 27, 28, 29, 30, 31]
sub-101_task-eyemem_run-05 >> [1, 2, 3, 4, 5, 6, 7, 8, 10, 11, 12, 13, 14, 15, 16, 17, 18, 19, 20, 21, 22, 23, 24, 25]
sub-11_task-eyemem_run-01 >> [1,2,3,4,5,6,9,11,13,14,16,17]
sub-11_task-eyemem_run-02 >> [1,2,3,4,5,6,7,8,11,12,13,15,16,19,20]
sub-11_task-eyemem_run-03 >> [1,2,3,5,6,7,8,9,10,11,15,16,17,18]
sub-11_task-eyemem_run-04 >> [1,2,3,4,5,6,7,8,9,10,11,13,17,20,21]
sub-11_task-eyemem_run-05 >> [1,2,3,4,5,6,8,9,11,12,15,16,18,19]
sub-12_task-eyemem_run-01 >> [1,2,3,4,5,6,7,8,9,11,12,13,14,15]
sub-12_task-eyemem_run-02 >> [1,2,3,4,5,6,7,9,10,11,12,16,17]
sub-12_task-eyemem_run-03 >> [1,2,3,4,5,6,7,8,9,10,12,13,14,15,20]
sub-12_task-eyemem_run-04 >> [1,2,3,4,5,6,7,8,9,10,11,12,13,14,15,16,17,18,19,20,21,23,24,25,26,27,28,29,31,34,35,38]
sub-12_task-eyemem_run-05 >> [1,2,3,4,5,6,7,8,9,10,11,12,13,14,15,16,17,18,19,20,21,22,23,24,25,26,29,30,31,32,33]
sub-13_task-eyemem_run-01 >> [2, 3, 4, 5, 7, 8, 9, 10, 11, 12, 13, 15, 16]
sub-13_task-eyemem_run-02 >> [1, 3, 4, 5, 6, 8, 9, 10, 11, 13, 15]
sub-13_task-eyemem_run-03 >> [1, 2, 3, 4, 5, 7, 8, 10, 11, 12, 16, 17, 18]
sub-13_task-eyemem_run-04 >> [1, 3, 5, 6, 7, 8, 9, 10, 11, 12, 13, 14, 16]
sub-13_task-eyemem_run-05 >> [1, 2, 3, 4, 5, 7, 8, 9, 11, 12, 13]
sub-14_task-eyemem_run-01 >> [1,2,3,4,5,6,7,8,9,10,11,12,13,15,16,17,18,19,20,21,22,23,24,26]
sub-14_task-eyemem_run-02 >> [1,2,3,4,5,6,7,8,9,11,12,13,14,16,17,18,19,20,21,22]
sub-14_task-eyemem_run-03 >> [1,2,3,4,5,6,8,9,10,11,12,13,14,15,16,17,18,19,20,21]
sub-14_task-eyemem_run-04 >> [1,2,3,4,5,6,7,9,10,12,14,15,16,17,18,19,20,21,22,23,25]
sub-14_task-eyemem_run-05 >> [1,2,3,4,5,6,9,10,11,12,13,14,15,16,17,18,19,20,22]
sub-15_task-eyemem_run-01 >> [1, 2, 3, 7, 8, 9, 10, 13, 14, 16, 17]
sub-15_task-eyemem_run-02 >> [1, 3, 4, 7, 8, 12, 15, 16, 17, 18]
sub-15_task-eyemem_run-03 >> [1, 2, 3, 4, 6, 7, 10, 12, 15, 17, 18]
sub-15_task-eyemem_run-04 >> [1, 2, 3, 4, 5, 6, 8, 9, 10, 11, 12, 14, 15, 17, 18, 19, 22, 25, 27, 28]
sub-15_task-eyemem_run-05 >> [1, 2, 3, 4, 5, 6, 7, 8, 9, 11, 14, 16, 18, 20, 22, 23, 24, 25, 26]
sub-16_task-eyemem_run-01 >> [1, 2, 3, 4, 5, 6, 7, 8, 9, 10, 11, 12, 13, 14, 15, 17, 18]
sub-16_task-eyemem_run-02 >> [1, 2, 3, 4, 5, 6, 7, 8, 9, 10, 11, 13, 14, 15, 16, 17, 18]
sub-16_task-eyemem_run-03 >> [1, 2, 3, 4, 5, 6, 7, 8, 9, 10, 11, 13, 14, 15, 16]
sub-16_task-eyemem_run-04 >> [1, 2, 3, 4, 5, 6, 7, 8, 9, 10, 11, 13, 14, 15, 16]
sub-16_task-eyemem_run-05 >> [1, 2, 3, 4, 5, 7, 8, 9, 10, 12, 13, 14, 15, 16, 17]
sub-17_task-eyemem_run-01 >> [1,4,7,8,9,11,12,13,14]
sub-17_task-eyemem_run-02 >> [2,3,5,10,11,12,14]
sub-17_task-eyemem_run-03 >> [3,4,5,7,8,9]
sub-17_task-eyemem_run-04 >> [2,3,5,8,9,10,11]
sub-17_task-eyemem_run-05 >> [2,3,4,6,9,10,11]
sub-18_task-eyemem_run-01 >> [2,3,5,6,7,8,11,14]
sub-18_task-eyemem_run-02 >> [2,3,4,6,9,10,11,12]
sub-18_task-eyemem_run-03 >> [1,3,6,9,12,13,14]
sub-18_task-eyemem_run-04 >> [3,4,5,6,8,9,10,12,15]
sub-18_task-eyemem_run-05 >> [1,3,6,8,9,10,11,12,13,15]
sub-19_task-eyemem_run-01 >> [1, 2, 3, 4, 8, 9, 12, 13, 14, 15, 16, 17]
sub-19_task-eyemem_run-02 >> [1, 2, 4, 5, 9, 12, 13, 14, 16, 17, 18]
sub-19_task-eyemem_run-03 >> [1, 2, 5, 7, 8, 9, 10, 12, 14, 15, 17, 18]
sub-19_task-eyemem_run-04 >> [1, 2, 3, 4, 5, 8, 10, 15, 16, 18]
sub-19_task-eyemem_run-05 >> [1, 2, 3, 6, 7, 8, 9, 11, 12, 13, 14, 15, 17]
sub-20_task-eyemem_run-01 >> [1, 2, 3, 4, 5, 6, 7, 8, 9, 10, 14, 15, 16, 19, 20]
sub-20_task-eyemem_run-02 >> [1, 2, 3, 4, 5, 6, 7, 8, 9, 10, 11, 12, 14, 15, 16, 17, 18, 19, 21, 22, 24, 25, 26]
sub-20_task-eyemem_run-03 >> [1, 2, 3, 4, 5, 6, 7, 8, 9, 10, 11, 15, 16]
sub-20_task-eyemem_run-04 >> [1, 2, 3, 4, 5, 6, 7, 8, 9, 11, 12, 16, 17, 18, 19, 21]
sub-20_task-eyemem_run-05 >> [1, 2, 3, 4, 5, 9, 10, 11, 12, 13, 14, 15, 16, 17]
sub-21_task-eyemem_run-01 >> [1, 2, 4, 5, 6, 7, 8, 9, 10, 11, 13, 18]
sub-21_task-eyemem_run-02 >> [1, 3, 4, 5, 6, 7, 8, 9, 10, 11, 12, 13, 17, 18]
sub-21_task-eyemem_run-03 >> [1, 2, 4, 5, 6, 7, 8, 9, 10, 11, 12, 13, 14, 16, 18]
sub-21_task-eyemem_run-04 >> [1, 2, 3, 4, 5, 7, 8, 9, 12, 13, 15, 17, 18]
sub-21_task-eyemem_run-05 >> [1, 2, 3, 4, 5, 6, 7, 8, 10, 11, 12, 13, 16, 17, 18]
sub-22_task-eyemem_run-01 >> [1,3,4,5,6,9,10,12,14,15,18,19,21,22]
sub-22_task-eyemem_run-02 >> [1,2,4,5,6,7,8,11,12,14,18,19,20,22,23]
sub-22_task-eyemem_run-03 >> [4,5,8,9,11,12,14,17,18,19,20,21,22,23]
sub-22_task-eyemem_run-04 >> [1,2,3,4,5,8,9,11,12,14,15,16,17,19,20,23,25]
sub-22_task-eyemem_run-05 >> [1,2,6,8,9,10,13,14,16,17,18,19,20,21,22]
sub-23_task-eyemem_run-01 >> [1, 2, 3, 4, 5, 7, 8, 9, 10, 12, 13, 15, 16, 17, 18, 19, 20, 21, 22, 23, 24, 25]
sub-23_task-eyemem_run-02 >> [1, 2, 3, 4, 5, 7, 8, 9, 10, 11, 12, 14, 15, 16, 17, 18, 20, 21, 22, 24, 25, 26, 27]
sub-23_task-eyemem_run-03 >> [1, 2, 3, 4, 8, 9, 10, 11, 12, 13, 14, 15, 16, 17, 19, 20, 21, 22]
sub-23_task-eyemem_run-04 >> [1, 2, 3, 4, 5, 6, 7, 8, 9, 10, 11, 12, 13, 15, 16, 18, 19, 20, 22, 23, 25, 26, 28]
sub-23_task-eyemem_run-05 >> [1, 2, 3, 4, 5, 6, 7, 8, 9, 10, 11, 12, 13, 14, 15, 16, 17, 18, 19, 20, 21, 22, 23, 24, 25, 28, 29, 30, 31, 32, 33, 34, 35, 36, 37]
sub-24_task-eyemem_run-01 >> [2, 3, 4, 5, 6, 7, 8, 9, 10, 13, 14]
sub-24_task-eyemem_run-02 >> [1, 3, 4, 5, 6, 7, 8, 9, 10, 11, 13, 15, 16]
sub-24_task-eyemem_run-03 >> [2, 3, 4, 5, 6, 7, 8, 9, 10, 13, 15]
sub-24_task-eyemem_run-04 >> [1, 3, 4, 5, 6, 7, 8, 9, 14]
sub-24_task-eyemem_run-05 >> [1, 2, 3, 5, 6, 7, 8, 10, 12, 15, 16]
sub-25_task-eyemem_run-01 >> [1, 2, 3, 4, 5, 7, 8, 9, 10, 11, 12, 13]
sub-25_task-eyemem_run-02 >> [1, 2, 3, 4, 5, 6, 7, 8, 9, 11, 12, 13, 14, 17, 18, 19, 20]
sub-25_task-eyemem_run-03 >> [1, 2, 3, 4, 7, 8, 10, 11, 12, 13, 14, 15, 16]
sub-25_task-eyemem_run-04 >> [1, 2, 3, 4, 5, 6, 9, 10, 11, 12, 13, 14, 15, 16]
sub-25_task-eyemem_run-05 >> [1, 2, 3, 4, 5, 6, 7, 8, 10, 13, 14, 15, 16]
sub-26_task-eyemem_run-01 >> [1, 3, 4, 5, 6, 7, 9, 10, 11, 12, 13, 15, 16, 17, 18, 19, 20, 21]
sub-26_task-eyemem_run-02 >> [1, 2, 3, 4, 5, 6, 7, 8, 9, 10, 11, 12, 13, 15, 16, 17, 18, 19, 20, 21, 22, 23, 25, 26, 27, 28, 29, 30, 31]
sub-26_task-eyemem_run-03 >> [1, 2, 3, 4, 5, 7, 8, 9, 10, 12, 13, 14, 16, 17, 18, 20, 21, 22, 23, 24, 25]
sub-26_task-eyemem_run-04 >> [1, 2, 3, 4, 5, 6, 7, 9, 10, 13, 14, 15, 16, 17, 18, 19, 20, 21, 22]
sub-26_task-eyemem_run-05 >> [1, 2, 3, 4, 5, 6, 8, 9, 11, 13, 14, 15, 17, 19, 20, 21, 22, 23, 24, 25]
sub-27_task-eyemem_run-01 >> [1, 2, 3, 4, 5, 6, 7, 8, 9, 10, 11, 13, 14, 15, 16, 17, 18, 19, 20, 21, 22, 23, 24, 25, 26, 28, 29]
sub-27_task-eyemem_run-02 >> [1, 2, 3, 4, 5, 6, 7, 8, 9, 10, 11, 13, 14, 15, 16, 17, 18, 19, 20, 21, 22, 23, 24, 25, 26, 27]
sub-27_task-eyemem_run-03 >> [1, 2, 3, 4, 5, 6, 9, 10, 11, 12, 14, 15, 16, 17, 18, 19, 21, 22, 23, 25, 26, 27, 28, 29]
sub-27_task-eyemem_run-04 >> [1, 2, 3, 4, 5, 6, 7, 8, 9, 10, 12, 13, 14, 16, 17, 18, 19, 20, 21, 22, 23, 24, 26, 27, 28, 30]
sub-27_task-eyemem_run-05 >> [1, 2, 4, 5, 6, 7, 8, 9, 10, 12, 13, 14, 15, 16, 17, 18, 19, 20]
sub-28_task-eyemem_run-01 >> [1,2,3,4,5,8,9,10,11,13,14,15,17]
sub-28_task-eyemem_run-02 >> [2,3,4,5,7,8,9,10,11,12,13,14,15,16]
sub-28_task-eyemem_run-03 >> [1,2,3,4,5,6,7,9,10,13,14,15,16,17,19]
sub-28_task-eyemem_run-04 >> [1,2,3,4,5,7,9,10,12,13,14,15,16,17]
sub-28_task-eyemem_run-05 >> [1,2,3,4,5,6,7,9,11,12,13,14,15,17,18]
sub-29_task-eyemem_run-01 >> [1,2,3,4,6,9,10,11,12,13,14,15,16,17,18]
sub-29_task-eyemem_run-02 >> [1,2,3,4,5,6,7,9,11,12,15,16,17,19]
sub-29_task-eyemem_run-03 >> [1,2,3,6,7,8,9,11,13,14,15,16,17,18,19,20]
sub-29_task-eyemem_run-04 >> [1,2,3,4,5,7,8,10,11,12,13]
sub-29_task-eyemem_run-05 >> [1,2,3,4,6,8,9,11,12,15,17]
sub-30_task-eyemem_run-01 >> [1, 2, 3, 4, 5, 6, 7, 8, 9, 10, 11, 13, 14, 15, 16, 18, 19, 20, 21]
sub-30_task-eyemem_run-02 >> [1, 2, 3, 4, 5, 6, 7, 8, 9, 11, 12, 13, 14, 15, 16, 17, 18]
sub-30_task-eyemem_run-03 >> [1, 2, 3, 4, 5, 6, 7, 8, 9, 10, 11, 13, 15, 16, 17, 18, 19, 20, 21, 22, 23]
sub-30_task-eyemem_run-04 >> [1, 2, 3, 4, 5, 6, 7, 8, 9, 11, 12, 13, 14, 15, 16, 17, 19, 20, 22]
sub-30_task-eyemem_run-05 >> [1, 2, 3, 4, 5, 6, 7, 8, 9, 10, 11, 12, 14, 15, 17, 18, 21, 22]
sub-31_task-eyemem_run-01 >> [2,4,5,6,7,8,9,10,14,16]
sub-31_task-eyemem_run-02 >> [1,3,5,6,8,9,11,12,13]
sub-31_task-eyemem_run-03 >> [1,2,5,6,8,9,11,14,15]
sub-31_task-eyemem_run-04 >> [1,2,3,6,7,11,13,14]
sub-31_task-eyemem_run-05 >> [1,3,5,6,8,9,11,15,16]
sub-32_task-eyemem_run-01 >> [1, 3, 4, 5, 6, 7, 8, 9, 11, 12, 14, 15, 16]
sub-32_task-eyemem_run-02 >> [1, 3, 4, 5, 6, 7, 8, 9, 11, 12, 18, 19]
sub-32_task-eyemem_run-03 >> [1, 3, 4, 5, 6, 8, 11, 12, 13, 14, 17]
sub-32_task-eyemem_run-04 >> [1, 3, 4, 5, 6, 7, 11, 12, 13, 15, 16, 17]
sub-32_task-eyemem_run-05 >> [2, 4, 5, 6, 7, 8, 9, 10, 11, 13, 17]
sub-33_task-eyemem_run-01 >> [2,4,5,7,9,11,13]
sub-33_task-eyemem_run-02 >> [3,4,5,9,10,11,14,16]
sub-33_task-eyemem_run-03 >> [2,4,5,7,8,9,15,16,17,18,19]
sub-33_task-eyemem_run-04 >> [1,4,5,7,8,9,10,11,12,15,18]
sub-33_task-eyemem_run-05 >> [1,2,3,5,6,7,8,10,14,15,16,18]
sub-34_task-eyemem_run-01 >> [1,2,3,4,5,6,8,9,10,12,13,14,15,16,17,18,20]
sub-34_task-eyemem_run-02 >> [1,2,3,4,5,6,7,8,9,11,12,13,15,16,19]
sub-34_task-eyemem_run-03 >> [1,2,3,4,5,6,7,8,11,12,13,15,16,17,18]
sub-34_task-eyemem_run-04 >> [1,2,3,6,7,8,10,11,12,13,14,15,18,19]
sub-34_task-eyemem_run-05 >> [1,2,3,4,5,6,7,8,9,10,12,13,15,16,19,20,21]
sub-35_task-eyemem_run-01 >> [1,2,3,4,5,6,7,8,9,10,11,12,13,16,17,18,19]
sub-35_task-eyemem_run-02 >> [1,2,3,4,5,6,7,8,9,10,11,12,13,14,17,20]
sub-35_task-eyemem_run-03 >> [1,2,3,4,5,6,7,8,9,10,11,12,13,14,16,18,19,20,21]
sub-35_task-eyemem_run-04 >> [1,2,3,4,5,6,7,8,9,10,11,12,13,14,15,17,20,22]
sub-35_task-eyemem_run-05 >> [1,2,3,4,5,6,7,8,9,10,11,12,13,15,18,19,21]
sub-36_task-eyemem_run-01 >> [1, 2, 3, 4, 5, 6, 7, 8, 10, 11, 12, 13, 14, 15, 16, 18, 19, 21, 22]
sub-36_task-eyemem_run-02 >> [1, 2, 3, 4, 5, 6, 7, 8, 9, 10, 12, 15, 16, 17, 19, 20, 21]
sub-36_task-eyemem_run-03 >> [1, 2, 3, 4, 5, 6, 7, 8, 9, 10, 11, 13, 14, 15, 16, 17, 18, 19, 20, 24]
sub-36_task-eyemem_run-04 >> [1, 2, 3, 4, 5, 6, 7, 8, 9, 11, 12, 13, 14, 15, 16, 17, 18, 19, 20, 23, 24]
sub-36_task-eyemem_run-05 >> [1, 2, 3, 4, 5, 6, 7, 8, 9, 10, 11, 12, 13, 14, 15, 16, 17, 18, 19, 20, 21, 23, 25, 27, 29]
sub-37_task-eyemem_run-01 >> [1,3,4,5,7,8,9,10,11,12,13,14,15,16,17,18]
sub-37_task-eyemem_run-02 >> [1,3,5,6,7,10,11,12,13,14,17,18]
sub-37_task-eyemem_run-03 >> [1,2,4,5,6,7,8,9,10,11,12,13,14,15,16,17,18,19,20]
sub-37_task-eyemem_run-04 >> [1,3,4,5,6,7,8,9,10,11,12,13,14,15,17,18,19,20]
sub-37_task-eyemem_run-05 >> [1,4,5,6,8,9,11,12,13,15,16,17,18]
sub-38_task-eyemem_run-01 >> [1,3,4,5,6,7,8,9,11,13,15]
sub-38_task-eyemem_run-02 >> [2,3,4,5,6,7,8,9,10,15]
sub-38_task-eyemem_run-03 >> [2,3,4,5,6,7,8,10,12,13,14,15]
sub-38_task-eyemem_run-04 >> [1,2,3,4,5,6,7,8,9,11,12,14,15,16,17,22]
sub-38_task-eyemem_run-05 >> [1,2,3,4,5,6,7,8,9,11,12,13,14,15,18,20,21]
sub-39_task-eyemem_run-01 >> [2,3,5,6,9,10,11,14,15,16]
sub-39_task-eyemem_run-02 >> [1,3,6,7,8,9,11,14,15,16]
sub-39_task-eyemem_run-03 >> [2,3,5,6,7,8,10,11,12,14,17]
sub-39_task-eyemem_run-04 >> [1,2,3,5,6,8,9,13]
sub-39_task-eyemem_run-05 >> [1,4,5,6,7,9,10,11,15]
sub-40_task-eyemem_run-01 >> [1,2,3,4,5,6,7,8,14,15,16,18,20,21]
sub-40_task-eyemem_run-02 >> [1,2,3,4,5,6,7,9,11,12,13,14,15,17]
sub-40_task-eyemem_run-03 >> [1,2,3,4,5,7,9,11,13,15,16,19]
sub-40_task-eyemem_run-04 >> [1,2,3,4,5,6,7,8,9,10,13,15,16,18,19,22]
sub-40_task-eyemem_run-05 >> [1,2,3,4,5,6,7,8,10,11,12,13,14,15,17,18,19,22,24]
sub-41_task-eyemem_run-01 >> [1, 2, 3, 4, 5, 6, 7, 8, 10, 11, 12, 14, 15, 16, 17, 19, 20]
sub-41_task-eyemem_run-02 >> [1, 2, 3, 4, 5, 6, 7, 8, 10, 13, 16, 17]
sub-41_task-eyemem_run-03 >> [1, 2, 3, 4, 5, 7, 8, 9, 10, 11, 12, 13, 14, 17]
sub-41_task-eyemem_run-04 >> [1, 2, 3, 4, 5, 8, 9, 10, 11, 12, 13, 14, 15, 17, 18, 19]
sub-41_task-eyemem_run-05 >> [1, 2, 3, 4, 5, 6, 7, 8, 13, 14, 15, 17, 18, 19]
sub-42_task-eyemem_run-01 >> [1,2,3,4,5,6,7,8,9,13,15]
sub-42_task-eyemem_run-02 >> [1,2,3,4,5,6,7,8,12,14,16,17]
sub-42_task-eyemem_run-03 >> [1,2,3,4,5,6,7,8,10,12,13,14]
sub-42_task-eyemem_run-04 >> [1,2,3,4,6,7,8,10,11,13,14]
sub-42_task-eyemem_run-05 >> [1,2,3,4,5,6,7,8,9,12,14,17]
sub-43_task-eyemem_run-01 >> [1, 2, 3, 4, 5, 6, 7, 8, 9, 10, 11, 12, 14, 15, 16, 17, 18, 19]
sub-43_task-eyemem_run-02 >> [1, 2, 3, 4, 5, 6, 7, 8, 9, 10, 11, 12, 14, 15, 16, 17, 18]
sub-43_task-eyemem_run-03 >> [1, 2, 3, 4, 5, 6, 7, 8, 9, 10, 11, 12, 13, 14, 16, 18, 19, 20]
sub-43_task-eyemem_run-04 >> [1, 2, 3, 4, 5, 6, 7, 8, 9, 10, 11, 12, 13, 14, 16, 18, 19, 20, 21, 22]
sub-43_task-eyemem_run-05 >> [1, 2, 3, 4, 5, 6, 7, 8, 9, 10, 11, 12, 13, 14, 15, 16, 17, 18, 19, 20, 21, 23, 25, 26, 27, 29]
sub-44_task-eyemem_run-01 >> [2,4,5,6,7,8,9,10]
sub-44_task-eyemem_run-02 >> [2,4,5,6,7,9,11,14,16]
sub-44_task-eyemem_run-03 >> [1,3,4,5,7,8,10,11,12,13,15,16,17]
sub-44_task-eyemem_run-04 >> [1,4,6,8,9,10,11,12,13,14,15]
sub-44_task-eyemem_run-05 >> [1,3,4,5,6,9,11,12,13]
sub-45_task-eyemem_run-01 >> [1, 2, 3, 4, 5, 6, 7, 8, 10, 11, 13, 16, 17, 18]
sub-45_task-eyemem_run-02 >> [1, 2, 3, 4, 5, 6, 8, 9, 10, 13, 14, 15, 16, 18, 19]
sub-45_task-eyemem_run-03 >> [1, 2, 3, 4, 5, 6, 7, 8, 9, 10, 12, 13, 14, 15, 16, 17, 18, 21, 22]
sub-45_task-eyemem_run-04 >> [1, 2, 3, 4, 6, 9, 10, 11, 13, 14, 15, 16, 17, 18, 19]
sub-45_task-eyemem_run-05 >> [1, 2, 3, 4, 5, 6, 7, 8, 9, 10, 11, 12, 13, 15, 16, 19]
sub-46_task-eyemem_run-01 >> [1,2,3,4,5,6,7,8,10,12,14,15,18]
sub-46_task-eyemem_run-02 >> [1,2,3,4,5,6,8,9,10,11,12,13,16,17,19]
sub-46_task-eyemem_run-03 >> [1,2,3,4,5,6,7,8,9,11,12,13,15]
sub-46_task-eyemem_run-04 >> [1,2,3,4,5,6,7,8,10,11,13,15,16,17,18,20,21]
sub-46_task-eyemem_run-05 >> [1,2,3,4,5,6,7,8,9,10,11,12,14,15,16,17,19,20]
sub-47_task-eyemem_run-01 >> [1, 2, 3, 5, 6, 8, 9, 11, 13, 15]
sub-47_task-eyemem_run-02 >> [1, 2, 4, 5, 6, 8, 13, 14]
sub-47_task-eyemem_run-03 >> [2, 3, 4, 6, 7, 9, 12, 13, 15]
sub-47_task-eyemem_run-04 >> [1, 2, 4, 5, 6, 7, 12, 13]
sub-47_task-eyemem_run-05 >> [1, 2, 3, 4, 6, 7, 11, 13, 15]
sub-48_task-eyemem_run-01 >> [2, 3, 4, 5, 6, 7, 8, 9, 10, 11, 12, 17, 18]
sub-48_task-eyemem_run-02 >> [1, 2, 3, 5, 6, 7, 8, 11, 12, 13, 14, 15, 16, 17, 19, 21, 22, 23]
sub-48_task-eyemem_run-03 >> [1, 2, 4, 5, 6, 7, 8, 9, 10, 11, 13, 14, 15, 16, 20, 21, 22]
sub-48_task-eyemem_run-04 >> [1, 2, 3, 4, 5, 6, 8, 10, 11, 13, 14, 15, 18, 19, 21]
sub-48_task-eyemem_run-05 >> [1, 2, 3, 4, 5, 7, 8, 9, 10, 11, 12, 14, 16, 17, 19, 20]
sub-49_task-eyemem_run-01 >> [2, 3, 5, 6, 10, 13, 14, 15, 16]
sub-49_task-eyemem_run-02 >> [2, 4, 5, 6, 7, 8, 10, 12, 13, 16, 17]
sub-49_task-eyemem_run-03 >> [2, 3, 6, 7, 8, 9, 14, 15]
sub-49_task-eyemem_run-04 >> [1, 5, 6, 7, 8, 11, 14, 15]
sub-49_task-eyemem_run-05 >> [2, 3, 4, 6, 7, 8, 13, 14]
sub-50_task-eyemem_run-01 >> [1, 4, 5, 6, 7, 8, 9, 10, 11, 12, 13]
sub-50_task-eyemem_run-02 >> [1, 4, 5, 6, 7, 9, 12, 13, 14, 15, 16, 17]
sub-50_task-eyemem_run-03 >> [1, 4, 5, 7, 8, 9, 10, 11, 12, 13, 17, 18, 19]
sub-50_task-eyemem_run-04 >> [1, 3, 5, 6, 7, 8, 9, 11, 13, 15, 18]
sub-50_task-eyemem_run-05 >> [2, 3, 4, 5, 7, 8, 10, 12, 13, 15, 16, 17, 18, 19]
sub-51_task-eyemem_run-01 >> [1,2,3,5,6,7,8,9,10,12,13,14,16,17,19,20,21,22,24]
sub-51_task-eyemem_run-02 >> [1,2,3,5,6,7,8,9,10,12,13,14,16,17,19,20,21,22,24,25]
sub-51_task-eyemem_run-03 >> [1,2,3,4,5,6,7,8,9,11,12,13,14,15,16,17,19,20,21,22,23,26]
sub-51_task-eyemem_run-04 >> [1,2,3,4,5,6,7,8,9,10,11,12,13,15,16,17,18,19,21,23,24,25,26,27,28,30]
sub-51_task-eyemem_run-05 >> [1,2,3,4,5,6,7,8,9,10,11,12,13,14,15,16,17,18,20,21,23,25,26,28,29]
sub-52_task-eyemem_run-01 >> [1,2,5,6,7,8,9,10,11,12,15,18]
sub-52_task-eyemem_run-02 >> [1,3,6,7,9,10,11,12,13,14,17,18]
sub-52_task-eyemem_run-03 >> [1,2,4,5,6,8,12,13,14,15,17]
sub-52_task-eyemem_run-04 >> [1,3,5,8,9,10,11,13,15,16]
sub-52_task-eyemem_run-05 >> [1,5,7,8,9,10,12,14,15,16]
sub-53_task-eyemem_run-01 >> [2, 3, 4, 5, 6, 8, 9, 10, 12, 13, 14, 17]
sub-53_task-eyemem_run-02 >> [1, 2, 3, 6, 8, 11, 12, 15, 16, 17, 18, 19]
sub-53_task-eyemem_run-03 >> [1, 2, 4, 6, 7, 8, 9, 10, 11, 13, 16, 17, 18, 19, 20, 21, 22]
sub-53_task-eyemem_run-04 >> [1, 2, 4, 6, 7, 10, 11, 12, 13, 14, 15, 16, 17, 20, 21, 22]
sub-53_task-eyemem_run-05 >> [1, 2, 3, 5, 7, 8, 9, 11, 14, 15, 16, 17, 18, 19, 20, 21]
sub-54_task-eyemem_run-01 >> [1, 2, 4, 5, 6, 7, 8, 9, 10, 11, 12, 13, 14, 15, 17, 18, 19]
sub-54_task-eyemem_run-02 >> [1, 2, 3, 4, 5, 6, 8, 9, 10, 11, 13, 14, 15, 16, 17, 18, 20]
sub-54_task-eyemem_run-03 >> [1, 2, 3, 4, 5, 6, 7, 8, 9, 10, 11, 12, 14, 15, 16, 17, 18, 19]
sub-54_task-eyemem_run-04 >> [1, 2, 3, 4, 5, 6, 7, 8, 10, 12, 13, 14, 15, 16, 17, 18, 19, 20, 21]
sub-54_task-eyemem_run-05 >> [1, 2, 3, 4, 5, 6, 7, 8, 9, 10, 11, 12, 14, 15, 17, 18]
sub-55_task-eyemem_run-01 >> [3, 4, 5, 7, 8, 9, 10, 11, 13, 15, 17, 18]
sub-55_task-eyemem_run-02 >> [2, 4, 5, 6, 7, 9, 10, 11, 12, 15, 16, 17, 18]
sub-55_task-eyemem_run-03 >> [1, 2, 4, 7, 8, 9, 11, 12, 13, 15, 16, 17, 18, 19]
sub-55_task-eyemem_run-04 >> [1, 2, 3, 7, 8, 9, 11, 13, 14, 15, 16]
sub-55_task-eyemem_run-05 >> [1, 2, 6, 7, 9, 10, 11, 12, 13, 14, 15]
sub-56_task-eyemem_run-01 >> [2,3,4,6,8,9,12,13,14,16]
sub-56_task-eyemem_run-02 >> [1,2,3,6,7,9,10,11,13,15,16]
sub-56_task-eyemem_run-03 >> [1,3,4,6,7,9,10,12,14,15,16,17]
sub-56_task-eyemem_run-04 >> [1,2,5,6,8,9,10,13,15,16,17]
sub-56_task-eyemem_run-05 >> [1,2,3,5,7,8,9,12,13,15,17]
sub-57_task-eyemem_run-01 >> [2, 4, 5, 6, 7, 8, 9, 10, 11, 12, 15]
sub-57_task-eyemem_run-02 >> [2, 4, 5, 6, 7, 8, 9, 10, 11, 13, 15, 17]
sub-57_task-eyemem_run-03 >> [2, 3, 4, 5, 6, 7, 9, 10, 11, 12, 14, 16]
sub-57_task-eyemem_run-04 >> [1, 3, 5, 7, 8, 9, 10, 12, 13, 14, 15, 17]
sub-57_task-eyemem_run-05 >> [1, 2, 4, 6, 7, 8, 9, 11, 12, 14, 15, 16, 17]
sub-58_task-eyemem_run-01 >> [4, 5, 6, 7, 8, 10, 12, 13, 14, 15]
sub-58_task-eyemem_run-02 >> [2, 3, 7, 8, 9, 11, 12, 13, 14]
sub-58_task-eyemem_run-03 >> [4, 5, 6, 7, 9, 12, 13, 14, 15, 16]
sub-58_task-eyemem_run-04 >> [2, 4, 7, 8, 9, 11, 12, 14, 17, 18]
sub-58_task-eyemem_run-05 >> [3, 5, 7, 8, 9, 10, 13]
sub-59_task-eyemem_run-01 >> [3,4,5,9,10,11,12,13,14]
sub-59_task-eyemem_run-02 >> [3,4,5,7,8,9,10,11,12]
sub-59_task-eyemem_run-03 >> [3,4,5,6,7,11,12,14]
sub-59_task-eyemem_run-04 >> [4,5,6,7,8,10,11,12,15]
sub-59_task-eyemem_run-05 >> [4,5,7,8,9,10,11,12,15]
sub-60_task-eyemem_run-01 >> [1, 2, 3, 4, 5, 6, 7, 8, 9, 10, 11, 12, 13, 14, 17, 19, 20, 22]
sub-60_task-eyemem_run-02 >> [1, 2, 3, 4, 5, 6, 7, 8, 9, 10, 11, 13, 14, 16, 17, 18, 22, 23]
sub-60_task-eyemem_run-03 >> [1, 2, 3, 4, 5, 6, 7, 8, 9, 10, 11, 12, 13, 15, 16, 17, 19, 20, 21, 22, 24]
sub-61_task-eyemem_run-01 >> [1, 2, 3, 4, 5, 6, 7, 8, 10, 12, 14, 16, 17]
sub-61_task-eyemem_run-02 >> [1, 2, 3, 4, 5, 6, 7, 8, 9, 10, 13, 15]
sub-61_task-eyemem_run-03 >> [1, 2, 3, 4, 5, 6, 7, 8, 9, 10, 13, 14, 17]
sub-61_task-eyemem_run-04 >> [1, 2, 3, 4, 5, 6, 7, 8, 9, 10, 11, 12, 13]
sub-61_task-eyemem_run-05 >> [1, 2, 3, 4, 5, 6, 7, 8, 9, 10, 11, 12, 13, 15]
sub-62_task-eyemem_run-01 >> [1,2,3,5,6,7,8,9,10,12,16,18]
sub-62_task-eyemem_run-02 >> [1,2,3,4,5,6,7,9,10,11,13,14,15,19,20]
sub-62_task-eyemem_run-03 >> [1,2,3,4,5,6,8,9,11,13,14,16,17,19,20,21,22]
sub-62_task-eyemem_run-04 >> [1,2,3,4,7,9,10,11,14,15,16,17,18]
sub-62_task-eyemem_run-05 >> [1,2,3,4,5,7,9,10,11,12,15,16,18,20]
sub-63_task-eyemem_run-01 >> [1, 2, 3, 4, 5, 7, 8, 9, 11, 12, 13, 14, 15, 16, 17, 18, 19, 20]
sub-63_task-eyemem_run-02 >> [1, 2, 3, 4, 5, 7, 8, 9, 10, 11, 12, 13, 14, 15, 18, 19, 20, 22]
sub-64_task-eyemem_run-01 >> [1, 2, 3, 4, 5, 6, 7, 9, 11, 13, 14, 15, 16, 17, 18, 19, 20]
sub-64_task-eyemem_run-02 >> [1, 2, 3, 4, 5, 6, 7, 8, 9, 10, 11, 12, 13, 15, 16, 17, 22, 23]
sub-64_task-eyemem_run-03 >> [1, 2, 3, 4, 5, 6, 7, 8, 9, 10, 11, 12, 13, 16, 17, 20, 21, 22]
sub-64_task-eyemem_run-04 >> [1, 2, 3, 4, 5, 6, 7, 8, 9, 10, 11, 12, 13, 14, 15, 16, 18, 20, 22, 23, 24]
sub-64_task-eyemem_run-05 >> [1, 2, 3, 4, 5, 6, 7, 8, 9, 10, 11, 13, 14, 16, 21, 22]
sub-65_task-eyemem_run-01 >> [1, 3, 5, 6, 7, 8, 9, 10, 11, 12, 15, 16, 17]
sub-65_task-eyemem_run-02 >> [1, 2, 4, 5, 6, 7, 11, 14, 15, 16, 17]
sub-65_task-eyemem_run-03 >> [1, 2, 3, 5, 6, 7, 10, 11, 13, 16, 17]
sub-65_task-eyemem_run-04 >> [1, 2, 3, 4, 6, 10, 12, 13, 14, 15, 17]
sub-65_task-eyemem_run-05 >> [2, 4, 5, 6, 7, 12, 13, 15, 16]
sub-66_task-eyemem_run-02 >> [1, 2, 4, 5, 6, 7, 8, 9, 11, 12, 13, 16]
sub-66_task-eyemem_run-03 >> [1, 2, 3, 5, 6, 8, 9, 10, 11, 12, 13]
sub-66_task-eyemem_run-04 >> [1, 2, 3, 4, 5, 6, 7, 8, 11, 12, 13, 14, 17]
sub-66_task-eyemem_run-05 >> [1, 2, 4, 5, 6, 7, 8, 9, 10, 11, 12, 14, 16, 17]
sub-67_task-eyemem_run-01 >> [1,2,5,6,7,8,9,10,14,16,18,19,21]
sub-67_task-eyemem_run-02 >> [1,2,3,4,5,8,9,11,12,14,16,17,18,19,21,22]
sub-67_task-eyemem_run-03 >> [1,2,3,4,5,6,9,13,15,16,17,18,19,21]
sub-67_task-eyemem_run-04 >> [1,2,3,4,5,6,7,9,13,14,15,16,17,18,19,21,23,24,25]
sub-67_task-eyemem_run-05 >> [1,2,3,4,5,6,8,9,10,11,15,16,17,18,19,20,21,23]
sub-68_task-eyemem_run-01 >> [2, 4, 6, 8, 9, 11, 12, 13, 14, 15]
sub-68_task-eyemem_run-02 >> [2, 4, 6, 7, 8, 9, 11, 12, 13, 14, 15]
sub-68_task-eyemem_run-03 >> [2, 4, 6, 7, 8, 9, 12, 13, 14, 15, 16]
sub-68_task-eyemem_run-04 >> [2, 4, 5, 6, 7, 8, 11, 12, 13, 14, 15]
sub-68_task-eyemem_run-05 >> [1, 4, 5, 6, 7, 10, 11, 12, 13, 14]
sub-69_task-eyemem_run-01 >> [1, 2, 4, 6, 7, 9, 10, 13, 14]
sub-69_task-eyemem_run-02 >> [1, 2, 3, 5, 9, 10, 11]
sub-69_task-eyemem_run-03 >> [1, 2, 3, 5, 6, 7, 9, 10, 11, 14, 15]
sub-69_task-eyemem_run-04 >> [1, 2, 3, 5, 6, 7, 10, 12]
sub-69_task-eyemem_run-05 >> [1, 2, 3, 4, 5, 7, 8, 10, 11, 12, 13, 14, 15]
sub-70_task-eyemem_run-01 >> [1,4,6,7,10,12,13,14,16,17]
sub-70_task-eyemem_run-02 >> [1,6,7,8,9,12,13,14,16,17]
sub-70_task-eyemem_run-03 >> [4,6,8,10,11,12,13,16,17]
sub-70_task-eyemem_run-04 >> [5,7,8,10,11,12,13,14,15]
sub-70_task-eyemem_run-05 >> [2,5,10,11,12,13,14,15]
sub-71_task-eyemem_run-01 >> [2, 3, 4, 5, 8, 9, 10, 11, 13, 14, 15]
sub-71_task-eyemem_run-02 >> [2, 3, 6, 7, 8, 9, 11, 13, 15]
sub-71_task-eyemem_run-03 >> [1, 3, 4, 5, 6, 7, 9, 10, 13, 15, 16]
sub-71_task-eyemem_run-04 >> [2, 4, 5, 6, 7, 8, 9, 13, 14, 16, 17]
sub-71_task-eyemem_run-05 >> [1, 2, 5, 7, 8, 10, 12, 13, 16, 17]
sub-72_task-eyemem_run-01 >> [1, 3, 4, 5, 6, 9, 10, 11, 12, 13, 15]
sub-72_task-eyemem_run-02 >> [1, 2, 5, 8, 9, 10, 11, 12, 13, 14, 15]
sub-72_task-eyemem_run-03 >> [1, 2, 5, 7, 9, 10, 11, 12, 13, 14]
sub-72_task-eyemem_run-04 >> [1, 2, 4, 5, 7, 10, 11, 12, 14, 15]
sub-72_task-eyemem_run-05 >> [1, 2, 5, 6, 8, 9, 10, 12, 13, 14, 15]
sub-73_task-eyemem_run-01 >> [1,2,3,4,6,8,9,14,15,16,18,19,20]
sub-73_task-eyemem_run-02 >> [1,2,3,4,5,7,8,10,16]
sub-73_task-eyemem_run-03 >> [1,2,3,4,5,7,11,14,16,17]
sub-73_task-eyemem_run-04 >> [1,6,7,8,10,11,12,14]
sub-73_task-eyemem_run-05 >> [1,2,3,7,8,9,10,11]
sub-74_task-eyemem_run-01 >> [1, 2, 3, 4, 5, 6, 7, 8, 10, 11, 12, 13, 16, 19, 20]
sub-74_task-eyemem_run-02 >> [1, 2, 3, 4, 5, 6, 7, 8, 9, 10, 11, 12, 13, 15, 17, 18, 19, 21, 22, 25, 26]
sub-74_task-eyemem_run-03 >> [1, 2, 3, 4, 5, 6, 7, 8, 9, 10, 11, 12, 13, 14, 15, 17, 18, 19, 20, 22, 25, 27, 28, 29]
sub-74_task-eyemem_run-04 >> [1, 2, 3, 4, 5, 6, 7, 8, 9, 10, 12, 15, 16, 17, 18, 20, 21, 22, 23]
sub-74_task-eyemem_run-05 >> [1, 2, 3, 4, 5, 6, 7, 8, 9, 10, 11, 13, 15, 16, 17, 18, 20]
sub-75_task-eyemem_run-01 >> [1,2,3,5,6,7,8,9,10,11,12,13,14,15]
sub-75_task-eyemem_run-02 >> [1,2,3,4,5,6,7,8,9,10,11,12,13,15,17,21,24]
sub-75_task-eyemem_run-03 >> [1,2,3,4,5,6,7,8,10,13,14,16,18,19]
sub-75_task-eyemem_run-04 >> [1,2,3,4,5,6,8,9,10,11,14,15,16,18]
sub-75_task-eyemem_run-05 >> [1,2,3,4,6,7,8,9,10,11,13,14,15,16,17,18,19,20,21,23]
sub-76_task-eyemem_run-01 >> [1,3,6,7,9,10,11,12,14,15]
sub-76_task-eyemem_run-02 >> [1,2,3,6,8,9,11,14,15]
sub-76_task-eyemem_run-03 >> [1,2,3,7,10,11,12,13,14]
sub-76_task-eyemem_run-04 >> [1,2,6,7,9,10,12,13]
sub-76_task-eyemem_run-05 >> [1,3,5,8,9,11,12,13,14]
sub-77_task-eyemem_run-01 >> [1, 2, 3, 4, 5, 6, 8, 11, 14, 15, 16, 17, 18, 19]
sub-77_task-eyemem_run-02 >> [1, 3, 4, 5, 6, 9, 10, 11, 13, 14, 15, 16]
sub-77_task-eyemem_run-03 >> [2, 3, 4, 5, 6, 7, 9, 10, 11, 13, 14, 15, 17, 19]
sub-77_task-eyemem_run-04 >> [1, 2, 3, 4, 5, 6, 8, 9, 10, 11, 13, 14, 15, 16, 19, 20, 21]
sub-77_task-eyemem_run-05 >> [1, 2, 3, 4, 5, 6, 8, 9, 10, 11, 12, 14, 18, 19, 20, 21, 22]
sub-78_task-eyemem_run-01 >> [2,3,5,7,8,9,11,12,14,15]
sub-78_task-eyemem_run-02 >> [3,4,5,7,8,9,11,13,14,15,16,18]
sub-78_task-eyemem_run-03 >> [2,3,4,5,9,10,11,12,13,17,18,19,20]
sub-78_task-eyemem_run-04 >> [2,6,7,8,10,12,13,14,15,16]
sub-78_task-eyemem_run-05 >> [2,5,8,10,11,13,14,15,16,17]
sub-79_task-eyemem_run-01 >> [1, 2, 3, 4, 5, 6, 7, 8, 9, 10, 11, 12, 13, 14, 15, 16, 17, 18, 19, 20, 21, 22, 23, 24, 25, 26, 27, 28, 29, 30, 31, 32, 33, 34, 35, 37, 39, 40, 41]
sub-79_task-eyemem_run-02 >> [1, 2, 3, 4, 5, 6, 7, 8, 9, 10, 11, 12, 13, 14, 15, 16, 17, 18, 19, 20, 21, 22, 23, 24, 25, 26, 28, 30, 31, 32, 33, 34, 35, 36, 37, 38, 39, 40]
sub-79_task-eyemem_run-03 >> [1, 2, 3, 4, 5, 6, 7, 8, 9, 10, 11, 12, 13, 14, 15, 16, 17, 18, 19, 20, 21, 22, 23, 24, 26, 27, 28, 30, 32, 33, 34, 35, 36]
sub-79_task-eyemem_run-04 >> [1, 2, 3, 4, 5, 6, 7, 8, 9, 10, 11, 12, 13, 14, 15, 16, 17, 18, 19, 20, 22, 23, 24, 25, 28]
sub-79_task-eyemem_run-05 >> [1, 2, 3, 4, 5, 6, 7, 8, 9, 10, 11, 12, 13, 14, 15, 16, 17, 18, 19, 20, 21, 22, 23, 25, 26, 28, 29, 31]
sub-80_task-eyemem_run-01 >> [1, 3, 5, 6, 7, 9, 12, 14, 15, 17]
sub-80_task-eyemem_run-02 >> [1, 2, 6, 7, 8, 9, 10, 11, 15, 16]
sub-80_task-eyemem_run-03 >> [1, 2, 3, 4, 5, 8, 10, 12, 13, 15, 17, 19]
sub-80_task-eyemem_run-04 >> [1, 2, 3, 6, 7, 9, 10, 12, 13, 16, 18]
sub-80_task-eyemem_run-05 >> [1, 3, 4, 6, 7, 9, 10, 13, 14, 15]
sub-81_task-eyemem_run-01 >> [1, 2, 4, 5, 6, 7, 8, 9, 10, 11, 12, 13, 14, 16, 17, 18, 19]
sub-81_task-eyemem_run-02 >> [1, 2, 3, 5, 6, 7, 8, 9, 10, 11, 12, 13, 14, 15, 16, 17, 18, 19]
sub-81_task-eyemem_run-03 >> [1, 2, 3, 4, 6, 7, 8, 9, 10, 11, 12, 13, 14, 15, 16, 17, 18]
sub-81_task-eyemem_run-04 >> [1, 2, 3, 4, 6, 7, 8, 9, 10, 11, 12, 13, 14, 15, 16, 18, 20]
sub-81_task-eyemem_run-05 >> [1, 2, 3, 4, 6, 7, 8, 9, 10, 11, 12, 13, 14, 15, 16, 17, 18, 21, 22]
sub-82_task-eyemem_run-01 >> [1, 2, 4, 5, 6, 7, 8, 9, 10, 11, 12, 13, 14, 15]
sub-82_task-eyemem_run-02 >> [1, 2, 3, 4, 6, 7, 8, 9, 10, 13, 14, 15, 16]
sub-82_task-eyemem_run-03 >> [1, 3, 4, 5, 6, 7, 8, 9, 10, 11, 12, 14, 15]
sub-82_task-eyemem_run-04 >> [1, 2, 4, 5, 6, 7, 8, 9, 10, 11, 12, 13, 15]
sub-82_task-eyemem_run-05 >> [1, 2, 4, 5, 6, 7, 8, 9, 10, 11, 12, 13, 14, 15, 17]
sub-83_task-eyemem_run-01 >> [3,4,5,6,7,8,10,12]
sub-83_task-eyemem_run-02 >> [4,5,6,7,8,9,11,15]
sub-83_task-eyemem_run-03 >> [5,6,9,10,11,13,15,17]
sub-83_task-eyemem_run-04 >> [3,4,5,6,7,10,13,14,15]
sub-83_task-eyemem_run-05 >> [3,4,5,6,9,11,12,15,18]
sub-84_task-eyemem_run-01 >> [1, 2, 3, 4, 6, 7, 8, 9, 10, 11, 12, 13, 14, 15, 16, 17, 18, 19, 21, 22, 23, 24, 25]
sub-84_task-eyemem_run-02 >> [1, 2, 3, 4, 5, 6, 7, 8, 10, 11, 12, 13, 15, 16, 17, 18, 19, 20, 23]
sub-84_task-eyemem_run-03 >> [1, 2, 3, 4, 5, 6, 7, 8, 9, 10, 12, 13, 14, 16, 17, 21, 22]
sub-84_task-eyemem_run-04 >> [1, 2, 3, 4, 5, 6, 7, 8, 10, 11, 12, 13, 14, 15, 16, 17, 18, 20, 21, 23, 24, 25]
sub-84_task-eyemem_run-05 >> [1, 2, 3, 4, 5, 6, 8, 9, 10, 11, 12, 13, 14, 15, 16, 18]
sub-85_task-eyemem_run-01 >> [1,2,3,4,6,7,8,9,10,11,12,14,15,16,17,18,20,21]
sub-85_task-eyemem_run-02 >> [1,2,3,4,5,6,7,9,10,12,13,14,15,16,17,18]
sub-85_task-eyemem_run-03 >> [1,2,3,5,6,7,9,12,13,14,15,16,17]
sub-85_task-eyemem_run-04 >> [1,2,3,4,5,6,7,9,12,13,15,16,17,18,19]
sub-85_task-eyemem_run-05 >> [1,2,3,4,5,6,7,8,11,12,14,15,16,17,19]
sub-86_task-eyemem_run-01 >> [1,2,3,5,6,8,11,13,14,15,16,17,18]
sub-86_task-eyemem_run-02 >> [1,2,3,4,5,7,8,10,11,13,15,16,17,20]
sub-86_task-eyemem_run-03 >> [1,2,3,4,5,7,8,10,11,12,13,14,15,18,21]
sub-86_task-eyemem_run-04 >> [1,2,3,4,6,7,8,11,13,14,15,16]
sub-86_task-eyemem_run-05 >> [1,2,3,4,6,7,8,10,14,15,17]
sub-87_task-eyemem_run-01 >> [1, 2, 3, 5, 7, 8, 9, 10, 11, 12, 13, 16]
sub-87_task-eyemem_run-02 >> [1, 2, 4, 6, 7, 8, 9, 10, 11, 12, 13, 14]
sub-87_task-eyemem_run-03 >> [1, 3, 4, 5, 6, 8, 9, 10, 11, 17]
sub-87_task-eyemem_run-04 >> [1, 2, 3, 4, 7, 8, 11, 12, 13, 14, 15, 16]
sub-87_task-eyemem_run-05 >> [1, 2, 4, 5, 6, 7, 8, 9, 10, 11, 13, 16, 17, 18]
sub-88_task-eyemem_run-01 >> [3,4,7,8,9,11,13,14]
sub-88_task-eyemem_run-02 >> [2,4,9,10,11,12,14,15]
sub-88_task-eyemem_run-03 >> [1,3,4,5,9,10,11,13]
sub-88_task-eyemem_run-04 >> [1,2,4,8,10,12,13]
sub-88_task-eyemem_run-05 >> [1,2,4,6,7,8,10,11,12,13,14,17]
sub-89_task-eyemem_run-01 >> [1,2,3,4,5,6,7,8,9,11,12,14,16,18,20]
sub-89_task-eyemem_run-02 >> [1,2,3,4,5,6,7,8,9,10,12,13,16,17,18,19,21,22]
sub-89_task-eyemem_run-03 >> [1,2,3,4,5,6,7,8,9,10,11,12,13,14,15,16,17,23,24]
sub-89_task-eyemem_run-04 >> [1,2,3,4,5,6,7,8,9,10,12,13,14,16,17,18,19]
sub-89_task-eyemem_run-05 >> [1,2,3,4,5,6,7,8,10,11,12,13,15,16,17,20,21]
sub-90_task-eyemem_run-01 >> [2,3,4,5,6,8,9,10,11,12,14,15,16]
sub-90_task-eyemem_run-02 >> [1,2,3,4,6,7,8,9,11,12,13,15,16,19]
sub-90_task-eyemem_run-03 >> [1,2,3,5,6,7,8,9,10,11,14,15,16,17]
sub-90_task-eyemem_run-04 >> [1,2,4,5,6,7,9,12,13,14,15,17]
sub-90_task-eyemem_run-05 >> [1,2,3,5,6,7,8,10,11,12,14,15,16,17,19]
sub-91_task-eyemem_run-01 >> [1,2,3,5,7,8,9,10,11,12,13,14,17]
sub-91_task-eyemem_run-02 >> [1,2,3,5,7,8,9,10,11,12,13,15,17,18]
sub-91_task-eyemem_run-03 >> [1,2,4,5,6,7,8,9,12,14]
sub-91_task-eyemem_run-04 >> [1,2,3,5,6,9,10,12,13,14,15,16,17]
sub-91_task-eyemem_run-05 >> [1,2,4,5,6,7,8,9,10,12,14,15,16,17,20]
sub-92_task-eyemem_run-01 >> [1, 3, 5, 6, 7, 8, 13, 14, 16, 18]
sub-92_task-eyemem_run-02 >> [1, 3, 5, 6, 7, 12, 13, 16]
sub-92_task-eyemem_run-03 >> [1, 2, 3, 6, 7, 8, 11, 13, 16, 17, 19]
sub-92_task-eyemem_run-04 >> [1, 5, 6, 7, 8, 9, 10, 12, 15, 16, 17]
sub-92_task-eyemem_run-05 >> [1, 2, 4, 7, 8, 10, 11, 15, 16, 17, 18]
sub-93_task-eyemem_run-01 >> [1, 2, 3, 7, 8, 9, 10, 12, 13, 17, 18, 19]
sub-93_task-eyemem_run-02 >> [1, 2, 3, 5, 9, 10, 12, 13, 14, 15, 16, 17]
sub-93_task-eyemem_run-03 >> [1, 2, 4, 8, 9, 11, 12, 13, 14, 18, 19, 20]
sub-93_task-eyemem_run-04 >> [1, 5, 6, 9, 10, 12, 13, 14]
sub-93_task-eyemem_run-05 >> [1, 3, 8, 9, 11, 12, 13, 14, 15, 16]
sub-94_task-eyemem_run-01 >> [1, 2, 4, 5, 6, 7, 9, 11, 12, 13, 14, 15, 18]
sub-94_task-eyemem_run-02 >> [1, 2, 4, 5, 6, 7, 8, 9, 10, 11, 12, 13, 17, 18]
sub-94_task-eyemem_run-03 >> [1, 2, 3, 7, 8, 9, 11, 12, 13, 14, 16, 17, 18]
sub-94_task-eyemem_run-04 >> [1, 2, 3, 4, 6, 7, 9, 10, 11, 12, 14, 15, 16, 17]
sub-94_task-eyemem_run-05 >> [1, 2, 6, 7, 8, 9, 10, 11, 12, 15, 16, 17, 18, 19, 20]
sub-95_task-eyemem_run-01 >> [1, 3, 4, 7, 8, 13, 14, 15, 16, 17]
sub-95_task-eyemem_run-02 >> [1, 2, 3, 4, 6, 9, 10, 13, 14, 16, 17, 19]
sub-95_task-eyemem_run-03 >> [1, 2, 6, 7, 8, 11, 12, 13, 15, 16, 17, 18, 19, 20]
sub-95_task-eyemem_run-04 >> [1, 2, 4, 5, 7, 8, 9, 11, 17, 18, 19, 20]
sub-95_task-eyemem_run-05 >> [1, 2, 3, 4, 6, 8, 12, 14, 15, 17, 19, 20, 22]
sub-96_task-eyemem_run-01 >> [1, 2, 3, 4, 5, 6, 7, 8, 9, 10, 11, 12, 13, 15, 16, 17, 18, 19, 21]
sub-96_task-eyemem_run-02 >> [1, 2, 3, 4, 5, 6, 7, 8, 9, 10, 11, 12, 13, 14, 15, 16, 17, 18, 20, 21, 22, 23, 24]
sub-96_task-eyemem_run-03 >> [1, 2, 3, 4, 5, 6, 7, 8, 9, 10, 11, 13, 14, 15, 16, 17, 18, 19, 20, 21, 22, 23, 24, 25, 26]
sub-96_task-eyemem_run-04 >> [1, 2, 3, 4, 5, 6, 7, 8, 9, 10, 11, 14, 15, 16, 17, 18, 20]
sub-96_task-eyemem_run-05 >> [1, 2, 3, 4, 5, 6, 7, 8, 9, 10, 11, 12, 13, 14, 15, 16, 17, 18, 19, 21]
sub-97_task-eyemem_run-01 >> [3,4,6,7,9,10,11,14,15,16]
sub-97_task-eyemem_run-02 >> [2,6,9,10,11,12,13,14,15]
sub-97_task-eyemem_run-03 >> [1,2,4,7,8,9,12,13,14,16,17]
sub-97_task-eyemem_run-04 >> [1,3,4,5,8,11,12,13,14,15]
sub-97_task-eyemem_run-05 >> [2,5,6,7,10,11,13]
sub-98_task-eyemem_run-01 >> [1,4,6,8,10,11,14,15]
sub-98_task-eyemem_run-02 >> [1,4,7,8,11,13,14]
sub-98_task-eyemem_run-03 >> [1,3,6,7,12,13,14]
sub-98_task-eyemem_run-04 >> [1,4,7,10,11,14,15]
sub-98_task-eyemem_run-05 >> [1,4,5,6,7,10,12,15]
sub-99_task-eyemem_run-01 >> [1,2,3,4,6,7,8,9,10,11,12,13,15,16,18,19,20,21]
sub-99_task-eyemem_run-02 >> [1,2,4,5,6,7,8,9,10,13,14,15,16,17,18,19,20]
sub-99_task-eyemem_run-03 >> [1,2,3,4,5,7,8,11,12,13,14,15,16,17,19,20,21,22,23,24]
sub-99_task-eyemem_run-04 >> [1,2,3,4,5,6,8,9,10,11,12,13,15,16,18,19,20,21,22,23,24,25,26,27]
sub-99_task-eyemem_run-05 >> [1,2,3,4,5,6,7,8,12,13,14,15,16,17,18,19,20,21,22,23,24,25,26]
